$zero;$at;$v0;$v1;$a0;$a1;$a2;$a3;$t0;$t1;$t2;$t3;$t4;$t5;$t6;$t7;$s0;$s1;$s2;$s3;$s4;$s5;$s6;$s7;$t8;$t9;$k0;$k1;$gp;$sp;$fp;
N ciclo: 1  Instruccion: lw $t1, 0($sp)
0;0;0;0;0;0;0;0;0;0;0;0;0;0;0;0;0;0;0;0;0;0;0;0;0;0;0;0;0;0;0;

N ciclo: 2  Instruccion: addi $t1, $t1, 3
0;0;0;0;0;0;0;0;0;0;0;0;0;0;0;0;0;0;0;0;0;0;0;0;0;0;0;0;0;0;0;

N ciclo: 3  Instruccion: addi $t2, $zero, 3
0;0;0;0;0;0;0;0;0;0;0;0;0;0;0;0;0;0;0;0;0;0;0;0;0;0;0;0;0;0;0;

N ciclo: 4  Instruccion: beq $t1, $t2, ZERO

0;0;0;0;0;0;0;0;0;0;0;0;0;0;0;0;0;0;0;0;0;0;0;0;0;0;0;0;0;0;0;

N ciclo: 4  Instruccion: sw $t1, 0($sp)
0;0;0;0;0;0;0;0;0;0;0;0;0;0;0;0;0;0;0;0;0;0;0;0;0;0;0;0;0;0;0;

0;0;0;0;0;0;0;0;0;0;0;0;0;0;0;0;0;0;0;0;0;0;0;0;0;0;0;0;0;0;0;

